0, 1, 423, 0.236407
11, 3, 5629, 0.053295
22, 0, 13322, 0.000000
0, 1, 328, 0.304878
10, 0, 3930, 0.000000
20, 0, 9793, 0.000000
30, 0, 15589, 0.000000
40, 0, 12033, 0.000000
50, 3, 17940, 0.016722
60, 0, 9475, 0.000000
70, 0, 10466, 0.000000
80, 0, 8522, 0.000000
90, 0, 8689, 0.000000
100, 0, 9249, 0.000000
110, 0, 16182, 0.000000
120, 0, 8844, 0.000000
130, 0, 6361, 0.000000
140, 0, 15868, 0.000000
150, 0, 18309, 0.000000
160, 0, 12403, 0.000000
170, 0, 16276, 0.000000
180, 0, 10017, 0.000000
190, 0, 9768, 0.000000
200, 0, 163, 0.000000
210, 234, 8332, 2.808449
220, 1, 1537, 0.065062
233, 2, 294, 0.680272
248, 0, 5828, 0.000000
254, 11, 5521, 0.199239
264, 4, 1033, 0.387222
